57
205
319
365
369
403
421
427
439
443
447
451
593
605
633
715
723
739
743
751
763
767
771
775
819
825
833
837
841
847
851
855
859
883
907
911
923
927
931
935
939
993
1031
1051
1055
1059
1071
1075
1079
1085
1093
1097
1101
1105
1109
1113
1117
1121
1125
1129
1133
1145
1163
1171
1297
1305
1313
1317
1321
1325
1335
1353
1361
1369
1373
1377
1381
1385
1389
1393
1397
1405
1415
1427
1463
1467
1471
1481
1485
1489
1493
1497
1505
1509
1517
1525
1529
1533
1553
1569
1583
1595
1615
1619
1627
1631
1635
1639
1643
1647
1651
1655
1659
1663
1667
1675
1685
1689
1715
1719
1745
1765
1769
1779
1783
1787
1809
1821
1845
1979
1983
1987
1993
1997
2021
2053
2057
2061
2097
2113
2119
2197
2201
2205
2209
2213
2217
2225
2229
2237
2259
2291
2299
2303
2307
2361
2365
2381
2385
2389
2393
2397
2401
2405
2409
2413
2417
2421
2425
2429
2433
2437
2441
2445
2449
2453
2457
2461
2465
2469
2475
2479
2487
2521
2535
2539
2557
2573
2581
2601
2605
2609
2613
2631
2647
2651
2663
2671
2685
2689
2743
2763
2767
2815
2819
2825
2833
2869
2873
2877
2957
2961
2967
2979
2983
2991
2999
3005
3009
3013
3037
3061
3091
3109
3113
3117
3121
3125
3137
3141
3145
3149
3153
3161
3165
3169
3175
3195
3207
3211
3239
3243
3253
3259
3265
3269
3273
3281
3287
3291
3295
3299
3303
3311
3315
3325
3349
3353
3357
3367
3371
3379
3383
3387
3391
3407
3411
3421
3425
3429
3433
3437
3441
3445
3453
3457
3461
3465
3473
3505
3523
3541
3545
3579
3583
3587
3591
3595
3605
3609
3613
3617
3625
3629
3633
3655
3661
3665
3677
3685
3697
3701
3705
3709
3713
3717
3721
3737
3753
3757
3765
3781
3785
3791
3797
3807
3847
3851
3865
3871
3881
3885
3889
3903
3907
3911
3943
3949
3953
3957
3961
3977
3995
4011
4019
4023
4027
4059
4087
4095
4099
4105
4113
4121
4125
4131
4135
4139
4143
4147
4151
4169
4191
4195
4203
4211
4215
4219
4223
4227
4231
4249
4259
4267
4271
4279
4283
4287
4297
4301
4305
4309
4313
4321
4325
4329
4333
4337
4343
4347
4351
4357
4369
4373
4389
4393
4397
4403
4407
4415
4425
4429
4433
4437
4441
4453
4457
4461
4465
4469
4473
4477
4481
4485
4511
4515
4519
4523
4527
4531
4535
4539
4547
4551
4575
4579
4623
4633
4637
4641
4677
4681
4685
4689
4693
4697
4701
4705
4725
4739
4763
4777
4787
4791
4795
4931
4939
4943
4947
4961
4983
4987
4993
4999
5003
5007
5011
5015
5019
5023
5027
5037
5041
5045
5055
5059
5067
5071
5085
5089
5093
5097
5101
5105
5109
5185
5191
5195
5199
5203
5215
5223
5227
5231
5247
5253
5257
5265
5269
5273
5281
5285
5291
5297
5301
5305
5331
5335
5339
5355
5361
5369
5373
5377
5381
5385
5389
5397
5401
5405
5409
5415
5419
5423
5427
5431
5435
5439
5465
5469
5477
5481
5491
5501
5535
5539
5543
5547
5551
5557
5563
5567
5571
5575
5581
5585
5595
5599
5603
5607
5611
5619
5623
5627
5631
5637
5641
5659
5663
5667
5671
5675
5679
5683
5687
5691
5695
5699
5703
5711
5717
5725
5729
5733
5763
5767
5771
5775
5779
5783
5789
5793
5797
5811
5815
5819
5831
5835
5839
5843
5847
5851
5855
5895
5907
5911
5915
5923
5927
5935
5941
5945
5963
5969
5987
5991
5995
5999
6003
6007
6019
6023
6029
6033
6037
6063
6067
6073
6085
6089
6093
6097
6103
6107
6115
6121
6137
6145
6149
6153
6157
6161
6165
6169
6173
6177
6181
6185
6189
6193
6211
6215
6219
6223
6233
6237
6241
6245
6249
6263
6267
6271
6275
6279
6329
6333
6337
6341
6349
6379
6383
6427
6431
6437
6443
6447
6451
6463
6469
6477
6481
6485
6489
6493
6497
6501
6505
6509
6513
6517
6521
6525
6529
6549
6557
6561
6567
6571
6575
6579
6583
6587
6591
6595
6599
6605
6609
6613
6621
6625
6629
6633
6637
6641
6645
6649
6659
6663
6671
6675
6679
6683
6687
6691
6695
6705
6709
6713
6735
6739
6747
6751
6765
6771
6775
6779
6783
6787
6791
6795
6799
6803
6807
6811
6815
6819
6823
6827
6867
6875
6891
6895
6901
6913
6917
6921
6925
6943
6961
6965
6969
6973
6993
6997
7013
7019
7027
7031
7041
7045
7053
7069
7073
7081
7085
7103
7113
7121
7127
7135
7139
7153
7171
7177
7195
7213
7217
7235
7239
7243
7251
7255
7259
7263
7267
7271
7285
7297
7305
7319
7323
7327
7339
7343
7347
7355
7407
7411
7415
7419
7427
7435
7439
7443
7447
7451
7455
7459
7469
7473
7511
7515
7519
7549
7553
7557
7563
7567
7575
7583
7587
7591
7603
7629
7633
7637
7641
7651
7659
7663
7667
7673
7677
7709
7723
7747
7751
7755
7775
7781
7785
7793
7803
7815
7819
7827
7843
7847
7851
7859
7867
7871
7887
7907
7911
7925
7929
7941
7945
7949
7957
7961
7973
8005
8009
8013
8021
8025
8041
8051
8057
8061
8067
8071
8075
8083
8095
8103
8107
8111
8115
8119
8123
8159
8175
8185
8189
8197
8201
8249
8263
8271
8275
8279
8285
8299
8305
8309
8341
8347
8365
8369
8379
8389
8393
8411
8427
8441
8445
8457
8461
8483
8491
8495
8575
8581
8591
8599
8603
8607
8615
8621
8625
8629
8639
8647
8651
8661
8665
8669
8673
8693
8697
8701
8705
8709
8713
8717
8721
8731
8743
8747
8769
8777
8781
8785
8789
8797
8801
8805
8809
8813
8817
8821
8829
8833
8853
8859
8863
8867
8871
8875
8879
8897
8901
8905
8909
8913
8923
8927
8931
8935
8953
8961
8967
8981
9017
9021
9025
9029
9033
9041
9051
9055
9069
9077
9109
9113
9117
9121
9125
9151
9155
9159
9167
9175
9183
9189
9193
9203
9207
9211
9233
9237
9241
9245
9267
9275
9279
9287
9291
9295
9299
9303
9307
9317
9347
9355
9367
9371
9381
9385
9391
9405
9425
9431
9443
9471
9479
9483
9495
9499
9503
9509
9515
9523
9529
9533
9543
9547
9551
9559
9563
9567
9571
9579
9583
9587
9591
9595
9599
9603
9607
9611
9615
9625
9669
9673
9677
9683
9687
9691
9699
9703
9711
9715
9719
9723
9727
9731
9739
9749
9757
9761
9769
9773
9777
9781
9785
9789
9793
9797
9801
9805
9809
9817
9821
9825
9835
9847
9851
9855
9859
9863
9867
9871
9875
9879
9893
9897
9909
9913
9917
9921
9925
9929
9933
9937
9941
9957
9961
9965
9969
9981
9989
9993
10003
10007
10017
10029
10033
10037
10041
10049
10053
10061
10065
10069
10073
10077
10081
10089
10093
10097
10101
10105
10125
10129
10133
10137
10259
10263
10267
10271
10279
10283
10287
10319
10323
10327
10331
10335
10345
10349
10353
10361
10377
10381
10389
10393
10397
10401
10405
10409
10413
10417
10421
10425
10435
10439
10443
10451
10455
10459
10463
10469
10473
10477
10481
10485
10499
10503
10507
10511
10571
10575
10601
10605
10609
10623
10631
10635
10641
10645
10649
10685
10689
10705
10715
10719
10723
10727
10731
10739
10743
10747
10751
10767
10777
10783
10809
10825
10861
10865
10869
10877
10881
10913
10921
10925
10929
10933
10937
10947
10951
10955
10959
10963
10967
10971
10975
10979
10997
11001
11005
11009
11013
11031
11035
11059
11063
11073
11079
11099
11103
11107
11213
11217
11221
11225
11229
11233
11237
11241
11245
11249
11253
11257
11261
11265
11269
11273
11277
11281
11285
11289
11293
11297
11301
11305
11309
11313
11317
11321
11325
11329
11333
11337
11349
11353
11357
11361
11365
11369
11373
11377
11381
11385
11405
11409
11413
11417
11423
11427
11431
11447
11463
11475
11479
11483
11487
11491
11495
11501
11505
11509
11525
11545
11551
11571
11595
11599
11603
11613
11623
11629
11633
11637
11641
11645
11649
11657
11661
11667
11671
11675
11685
11715
11733
11741
11759
11763
11771
11775
11779
11783
11787
11791
11795
11835
11839
11855
11859
11879
11883
11887
11891
11895
11899
11903
11907
11923
11927
11937
11941
11945
11949
11953
11961
11965
11969
11973
11977
11983
11991
11999
12003
12023
12027
12031
12035
12039
12043
12049
12053
12057
12061
12079
12083
12087
12095
12107
12111
12115
12119
12123
12127
12131
12139
12143
12147
12155
12159
12163
12169
12173
12189
12193
12201
12205
12209
12219
12223
12227
12235
12239
12243
12253
12257
12261
12265
12269
12283
12287
12291
12325
12329
12333
12337
12341
12345
12349
12355
12359
12363
12367
12377
12381
12385
12393
12397
12401
12449
12465
12469
12473
12477
12489
12493
12503
12507
12511
12515
12519
12523
12527
12531
12539
12557
12565
12573
12577
12581
12585
12589
12593
12597
12601
12621
12625
12633
12637
12661
12665
12687
12691
12697
12701
12705
12709
12713
12717
12741
12745
12757
12761
12765
12779
12785
12789
12793
12799
12803
12807
12811
12815
12819
12823
12827
12839
12847
12855
12861
12865
12873
12877
12895
12899
12903
12909
12921
12925
12929
12933
12937
12945
12949
12953
12957
12961
12965
12969
12973
12983
12987
12991
12995
12999
13005
13015
13019
13023
13027
13031
13039
13055
13083
13087
13091
13095
13113
13117
13121
13153
13157
13161
13167
13171
13175
13179
13183
13187
13191
13199
13203
13207
13213
13221
13225
13229
13233
13237
13241
13245
13249
13253
13257
13261
13265
13299
13303
13309
13317
13335
13341
13345
13351
13375
13379
13385
13389
13393
13397
13401
13405
13409
13413
13423
13429
13433
13437
13453
13477
13481
13485
13489
13497
13505
13509
13513
13517
13527
13551
13555
13563
13575
13579
13583
13587
13591
13595
13599
13603
13607
13627
13631
13639
13669
13677
13683
13697
13701
13705
13709
13713
13717
13721
13743
13747
13751
13761
13765
13769
13773
13777
13781
13789
13797
13825
13833
13845
13853
13857
13861
13865
13871
13889
13893
13897
13901
13921
13925
13929
13933
13937
13941
13945
13949
13957
13961
13969
13973
13999
14005
14029
14033
14041
14045
14077
14081
14085
14089
14115
14119
14123
14131
14135
14139
14145
14157
14161
14165
14169
14173
14177
14183
14187
14191
14195
14207
14215
14219
14223
14233
14237
14241
14245
14253
14257
14271
14279
14287
14291
14301
14313
14317
14323
14331
14335
14339
14345
14349
14355
14359
14363
14367
14371
14375
14379
14383
14387
14391
14395
14403
14411
14415
14419
14423
14431
14435
14439
14443
14447
14451
14455
14463
14467
14471
14475
14479
14515
14519
14523
14527
14547
14559
14565
14569
14577
14581
14585
14589
14593
14599
14603
14607
14611
14615
14623
14627
14631
14635
14639
14643
14659
14663
14671
14675
14679
14683
14691
14695
14705
14709
14719
14723
14731
14739
14743
14767
14771
14775
14779
14829
14837
14843
14847
14911
14915
14919
14923
14927
14931
14935
14939
14943
14947
14951
14955
14959
14963
14967
14971
14975
14979
14983
14987
14991
14995
14999
15003
15007
15013
15047
15069
15073
15097
15101
15105
15113
15129
15133
15139
15143
15147
15169
15173
15177
15185
15189
15195
15201
15205
15209
15213
15217
15221
15225
15229
15233
15237
15245
15251
15255
15259
15271
15275
15279
15283
15287
15301
15305
15309
15313
15317
15321
15325
15333
15347
15351
15355
15359
15375
15379
15383
15415
15419
15423
15427
15431
15437
15441
15445
15459
15463
15467
15471
15475
15479
15483
15487
15491
15495
15499
15503
15513
15521
15525
15529
15541
15545
15549
15561
15565
15569
15585
15607
15611
15615
15653
15657
15661
15687
15691
15695
15699
15703
15707
15711
15715
15719
15723
15727
15735
15749
15753
15757
15761
15769
15773
15777
15781
15793
15797
15805
15809
15813
15817
15821
15825
15835
15839
15843
15847
15851
15859
15863
15867
15871
15875
15883
15887
15891
15895
15899
15903
15911
15915
15923
15927
15931
15945
15949
15953
15959
15963
15967
15971
15975
15983
15987
15991
15995
15999
16003
16007
16013
16017
16021
16025
16029
16033
16039
16043
16047
16051
16063
16067
16073
16077
16089
16093
16097
16101
16109
16121
16129
16135
16139
16145
16149
16153
16157
16167
16171
16175
16179
16183
16187
16191
16195
16199
16203
16207
16211
16219
16223
16227
16231
16235
16239
16243
16247
16251
16255
16259
16263
16267
16271
16275
16279
16283
16293
16297
16309
16313
16321
16325
16331
16335
16339
16343
16347
16351
16355
16363
16371
16383
16387
16391
16395
16399
16403
16407
16411
16415
16419
16423
16427
16431
16435
16439
16443
16447
16451
16455
16459
16463
16467
16503
16507
16511
16515
16519
16523
16531
16535
16539
16543
16547
16551
16555
16559
16563
16567
16571
16575
16579
16623
16627
16631
16637
16655
16659
16663
16667
16671
16675
16679
16683
16687
16697
16701
16705
16709
16713
16783
16795
16799
16803
16807
16827
16851
16859
16863
16867
16871
16877
16891
16895
16899
16907
16911
16915
16931
16943
16947
16951
16959
16963
16967
16995
16999
17003
17007
17011
17015
17037
17053
17057
17061
17073
17105
17109
17113
17117
17121
17125
17129
17133
17147
17151
17159
17177
17181
17185
17189
17205
17209
17219
17223
17227
17231
17235
17239
17249
17253
17277
17291
17295
17299
17303
17321
17333
17337
17343
17347
17351
17355
17359
17363
17367
17377
17381
17387
17391
17395
17403
17407
17411
17415
17419
17423
17427
17431
17437
17441
17447
17457
17467
17475
17487
17509
17513
17517
17521
17527
17531
17535
17541
17547
17551
17555
17559
17563
17567
17571
17579
17591
17595
17599
17603
17607
17611
17627
17631
17635
17639
17643
17647
17651
17655
17663
17679
17683
17687
17691
17695
17699
17703
17707
17711
17715
17723
17743
17749
17761
17773
17777
17781
17785
17795
17799
17803
17807
17815
17819
17823
17833
17837
17841
17845
17849
17853
17857
17879
17883
17887
17891
17897
17901
17915
17919
17923
17927
17931
17935
17943
17949
17959
17963
17967
17971
17975
17979
17983
18001
18005
18009
18013
18031
18035
18053
18071
18075
18089
18095
18099
18105
18109
18121
18125
18129
18133
18137
18141
18157
18161
18165
18169
18173
18177
18181
18185
18191
18195
18199
18203
18213
18225
18237
18241
18249
18253
18261
18265
18269
18277
18287
18291
18295
18299
18303
18307
18311
18321
18325
18329
18333
18343
18347
18353
18357
18367
18375
18379
18385
18389
18393
18397
18401
18405
18409
18413
18421
18429
18433
18457
18461
18479
18483
18487
18491
18495
18503
18519
18575
18579
18583
18587
18591
18595
18599
18603
18607
18611
18615
18619
18623
18627
18633
18637
18641
18665
18669
18677
18685
18689
18707
18711
18715
18719
18723
18727
18731
18735
18739
18743
18747
18751
18755
18759
18767
18771
18775
18779
18783
18787
18791
18795
18799
18803
18807
18811
18815
18827
18831
18835
18839
18843
18847
18851
18855
18859
18863
18867
18871
18875
18879
18883
18887
18891
18895
18899
18903
18907
18911
18915
18919
18923
18927
18931
18935
18939
18949
18953
18963
18967
18971
18975
18979
18983
18987
18991
18995
18999
19003
19007
19015
19019
19027
19031
19039
19043
19053
19057
19065
19069
19073
19077
19081
19089
19093
19097
19103
19107
19111
19115
19119
19123
19131
19139
19149
19159
19163
19167
19171
19175
19183
19187
19211
19215
19219
19223
19227
19231
19235
19239
19243
19247
19251
19255
19267
19271
19283
19289
19297
19301
19305
19309
19313
19317
19337
19347
19351
19355
19363
19371
19375
19379
19383
19387
19391
19395
19399
19403
19407
19415
19419
19423
19435
19445
19463
19469
19473
19479
19487
19491
19495
19499
19503
19517
19521
19525
19537
19541
19547
19551
19555
19559
19563
19567
19581
19603
19607
19611
19615
19619
19623
19629
19633
19637
19641
19645
19649
19675
19693
19697
19701
19721
19725
19729
19733
19745
19749
19753
19761
19765
19769
19787
19791
19795
19799
19803
19807
19811
19815
19819
19823
19827
19831
19835
19841
19847
19851
19859
19863
19867
19871
19875
19879
19883
19887
19893
19897
19901
19905
19909
19913
19917
19941
19945
19949
19957
19961
19975
19979
20009
20015
20021
20025
20029
20033
20037
20041
20045
20049
20053
20099
20117
20131
20137
20141
20151
20155
20159
20183
20193
20197
20201
20209
20213
20217
20221
20231
20245
20249
20253
20257
20263
20267
20271
20275
20279
20283
20287
20291
20295
20299
20303
20307
20311
20319
20323
20355
20359
20363
20367
20391
20395
20399
20403
20411
20415
20419
20423
20427
20431
20439
20443
20447
20453
20469
20473
20477
20481
20485
20489
20493
20497
20501
20505
20529
20533
20539
20543
20547
20551
20555
20559
20563
20567
20571
20583
20599
20603
20607
20617
20625
20629
20633
20645
20649
20653
20657
20661
20665
20669
20673
20677
20681
20685
20693
20697
20745
20749
20753
20757
20761
20765
20769
20781
20787
20791
20795
20799
20803
20807
20811
20815
20819
20845
20851
20855
20861
20865
20873
20879
20883
20887
20891
20895
20899
20903
20907
20911
20915
20927
20931
20935
20939
20949
20953
20957
20961
20969
20973
20979
20983
20987
20991
20997
21001
21005
21009
21013
21017
21021
21025
21029
21047
21051
21061
21065
21069
21103
21107
21115
21119
21123
21127
21135
21139
21143
21147
21163
21167
21171
21175
21179
21183
21187
21191
21195
21199
21203
21211
21215
21219
21223
21237
21245
21257
21261
21265
21269
21277
21299
21303
21307
21311
21315
21319
21323
21331
21335
21345
21349
21353
21357
21361
21373
21377
21397
21401
21405
21409
21417
21421
21425
21429
21433
21437
21441
21445
21449
21453
21457
21461
21465
21473
21477
21481
21485
21489
21507
21513
21517
21521
21525
21529
21533
21537
21541
21545
21561
21565
21569
21573
21579
21585
21589
21593
21605
21615
21623
21627
21631
21635
21639
21643
21653
21657
21661
21665
21677
21685
21689
21693
21709
21713
21717
21721
21739
21743
21755
21759
21763
21769
21773
21787
21791
21795
21799
21811
21815
21819
21823
21831
21835
21839
21847
21851
21859
21863
21867
21871
21883
21905
21909
21913
21917
21921
21927
21935
21945
21949
21953
22135
22139
22143
22147
22151
22155
22159
22163
22167
22171
22175
22179
22183
22187
22191
22197
22209
22213
22217
22221
22225
22229
22233
22237
22241
22245
22249
22253
22257
22261
22265
22269
22273
22277
22281
22285
22289
22293
22297
22307
22315
22319
22323
22327
22331
22335
22339
22349
22353
22365
22369
22373
22377
22381
22389
22397
22401
22405
22409
22417
22421
22425
22435
22439
22463
22473
22477
22481
22489
22493
22501
22505
22509
22513
22531
22535
22539
22543
22547
22551
22555
22559
22563
22627
22631
22635
22639
22643
22649
22653
22657
22661
22665
22669
22677
22681
22685
22689
22693
22701
22705
22709
22715
22719
22723
22727
22731
22735
22739
22743
22747
22753
22757
22761
22771
22775
22779
22785
22789
22797
22801
22805
22813
22821
22829
22833
22837
22841
22849
22857
22873
22877
22881
22885
22889
22893
22897
22905
22909
22913
22939
22943
22959
22967
22971
22975
22979
22983
22987
22991
22995
22999
23003
23007
23011
23015
23019
23023
23027
23031
23035
23039
23043
23047
23051
23063
23067
23079
23087
23119
23123
23127
23135
23139
23147
23151
23155
23161
23165
23169
23181
23185
23189
23193
23199
23203
23207
23211
23215
23239
23243
23255
23269
23273
23285
23289
23293
23297
23301
23305
23309
23313
23317
23333
23337
23343
23347
23357
23371
23375
23379
23383
23387
23391
23395
23403
23411
23415
23423
23427
23431
23435
23439
23443
23447
23451
23455
23459
23463
23467
23471
23475
23479
23483
23487
23491
23495
23499
23505
23509
23513
23517
23521
23525
23529
23537
23541
23551
23555
23563
23573
23579
23583
23587
23591
23595
23599
23603
23607
23611
23615
23619
23623
23633
23637
23641
23645
23649
23667
23671
23679
23685
23689
23693
23697
23701
23705
23709
23713
23717
23721
23731
23735
23741
23747
23751
23755
23765
23769
23789
23793
23815
23819
23827
23831
23835
23839
23843
23847
23853
23857
23861
23871
23875
23887
23891
23905
23917
23921
23925
23929
23935
23939
23943
23947
23951
23959
23963
23967
23971
23975
23979
23983
23987
23991
23995
23999
24003
24009
24017
24021
24037
24041
24045
24053
24061
24065
24069
24073
24081
24085
24089
24093
24097
24101
24113
24117
24125
24133
24147
24155
24159
24173
24177
24181
24185
24195
24199
24237
24241
24249
24253
24267
24271
24275
24279
24287
24291
24319
24325
24329
24333
24337
24341
24345
24349
24353
24357
24361
24397
24401
24417
24421
24425
24437
24441
24445
24459
24463
24467
24471
24475
24479
24487
24493
24497
24507
24511
24515
24519
24523
24533
24537
24541
24545
24549
24559
24563
24567
24571
24577
24581
24585
24593
24597
24601
24605
24609
24615
24623
24639
24687
24691
24695
24699
24711
24715
24719
24729
24733
24737
24741
24749
24753
24757
24761
24765
24769
24779
24787
24799
24807
24811
24815
24833
24837
24845
24849
24853
24857
24861
24865
24869
24877
24881
24885
24907
24915
24923
24935
24955
24959
24963
24979
24983
24987
24991
24995
24999
25003
25015
25019
25041
25045
25053
25057
25061
25065
25069
25073
25077
25081
25093
25099
25103
25107
25111
25115
25119
25131
25135
25139
25143
25191
25195
25199
25203
25207
25211
25215
25219
25249
25261
25271
25275
25279
25283
25293
25297
25305
25309
25313
25317
25321
25325
25331
25347
25357
25369
25373
25377
25381
25385
25389
25393
25397
25401
25405
25409
25447
25451
25455
25459
25471
25483
25515
25519
25523
25527
25531
25535
25561
25565
25569
25573
25577
25585
25623
25627
25635
25639
25643
25647
25657
25661
25665
25669
25673
25677
25681
25685
25693
25727
25731
25743
25747
25751
25755
25761
25765
25779
25783
25787
25791
25795
25809
25819
25829
25833
25837
25853
25863
25867
25871
25875
25879
25883
25887
25895
25901
25915
25919
25923
25927
25931
25935
25957
25961
25965
25969
25981
25985
26013
26017
26021
26025
26029
26035
26039
26043
26047
26051
26055
26059
26063
26067
26071
26075
26079
26083
26087
26103
26107
26111
26115
26127
26131
26135
26145
26149
26153
26159
26163
26167
26171
26175
26179
26183
26197
26201
26205
26209
26217
26225
26231
26235
26239
26243
26247
26251
26255
26261
26265
26285
26289
26293
26297
26301
26305
26309
26313
26317
26321
26335
26339
26351
26355
26359
26365
26369
26375
26383
26391
26401
26413
26425
26439
26443
26461
26465
26469
26473
26477
26481
26485
26489
26511
26529
26533
26537
26541
26545
26549
26553
26557
26561
26565
26569
26573
26577
26581
26605
26621
26625
26629
26633
26637
26641
26655
26659
26663
26667
26671
26675
26679
26683
26687
26691
26695
26699
26703
26707
26711
26719
26723
26727
26731
26739
26743
26747
26765
26771
26775
26779
26787
26791
26795
26799
26807
26811
26817
26825
26835
26839
26861
26865
26895
26907
26911
26915
26919
26923
26935
26939
26943
26947
26963
26967
26971
26975
26979
26983
26987
26995
26999
27003
27007
27011
27015
27023
27029
27047
27051
27069
27073
27077
27081
27085
27089
27093
27097
27101
27105
27113
27117
27121
27125
27129
27133
27137
27143
27159
27165
27173
27177
27181
27185
27189
27193
27197
27201
27225
27229
27233
27237
27241
27255
27259
27263
27267
27275
27279
27295
27299
27303
27307
27311
27317
27321
27325
27329
27339
27343
27347
27351
27355
27359
27363
27367
27371
27375
27379
27399
27405
27409
27413
27429
27433
27437
27445
27449
27453
27457
27461
27483
27487
27491
27499
27513
27517
27521
27527
27531
27537
27541
27549
27565
27577
27603
27607
27611
27615
27619
27623
27627
27633
27645
27649
27653
27657
27661
27665
27669
27679
27687
27691
27695
27699
27709
27713
27717
27721
27725
27753
27757
27761
27779
27783
27787
27791
27799
27803
27819
27827
27835
27839
27843
27847
27851
27859
27907
27911
27923
27927
27951
27955
27959
27969
27979
27991
27995
28003
28015
28027
28031
28035
28039
28057
28061
28065
28069
28093
28101
28109
28123
28127
28137
28157
28161
28165
28169
28183
28195
28199
28207
28211
28231
28235
28243
28251
28259
28263
28267
28271
28275
28281
28285
28293
28315
28319
28323
28327
28331
28335
28339
28343
28347
28351
28355
28359
28363
28367
28371
28375
28379
28383
28387
28391
28395
28399
28403
28407
28411
28415
28419
28423
28427
28431
28435
28451
28463
28473
28511
28515
28521
28525
28529
28543
28547
28555
28563
28571
28581
28607
28653
28657
28661
28665
28669
28685
28701
28715
28719
28723
28727
28759
28763
28773
28777
28781
28785
28789
28793
28797
28817
28833
28837
28849
28853
28857
28861
28865
28877
28883
28887
28895
28899
28907
28911
28917
28921
28925
28933
28941
28945
28949
28953
28957
28961
28965
28969
28973
28977
28981
28985
28997
29013
29017
29025
29045
29049
29053
29057
29061
29065
29069
29083
29087
29097
29103
29107
29111
29115
29121
29125
29129
29133
29137
29143
29147
29151
29159
29163
29167
29177
29181
29185
29189
29193
29197
29205
29209
29213
29217
29225
29229
29233
29237
29243
29247
29263
29267
29275
29279
29283
29287
29291
29295
29299
29309
29313
29317
29321
29329
29333
29337
29341
29345
29349
29363
29377
29383
29387
29391
29395
29399
29407
29411
29415
29445
29449
29459
29463
29477
29481
29485
29489
29493
29497
29533
29549
29555
29559
29563
29573
29579
29595
29599
29603
29607
29611
29619
29637
29641
29653
29657
29661
29665
29669
29673
29677
29681
29685
29689
29693
29697
29711
29719
29737
29743
29751
29755
29759
29763
29767
29771
29779
29783
29787
29791
29795
29799
29815
29819
29823
29827
29831
29835
29839
29843
29847
29851
29863
29867
29871
29877
29897
29905
29909
29923
29927
29931
29935
29939
29943
29951
29955
29967
29981
29989
29993
30083
30091
30097
30101
30105
30109
30113
30117
30121
30125
30129
30133
30145
30161
30165
30169
30173
30177
30181
30191
30195
30199
30203
30207
30211
30215
30219
30223
30231
30235
30239
30243
30247
30251
30255
30267
30271
30281
30285
30289
30293
30297
30313
30317
30323
30329
30339
30343
30347
30351
30355
30359
30367
30379
30383
30399
30407
30411
30415
30419
30423
30427
30431
30441
30445
30451
30459
30463
30477
30481
30487
30495
30507
30511
30515
30521
30537
30541
30545
30549
30553
30567
30605
30615
30635
30659
30663
30667
30679
30683
30697
30717
30721
30725
30729
30755
30759
30785
30793
30809
30817
30821
30827
30845
30849
30853
30861
30865
30875
30879
30883
30891
30897
30905
30909
30919
30935
30941
30945
30953
30961
30981
30985
30989
30993
31013
31029
31035
31039
31043
31047
31055
31065
31071
31075
31079
31083
31087
31117
31123
31131
31135
31143
31149
31153
31161
31165
31169
31173
31177
31181
31189
31193
31231
31243
31247
31251
31259
31263
31267
31275
31295
31299
31303
31309
31325
31329
31333
31337
31341
31345
31349
31383
31407
31411
31415
31423
31427
31435
31439
31447
31479
31483
31491
31495
31503
31507
31511
31515
31519
31527
31531
31545
31549
31571
31575
31579
31587
31591
31599
31603
31607
31611
31621
31625
31645
31649
31653
31667
31673
31677
31681
31685
31689
31695
31699
31703
31707
31717
31727
31731
31745
31749
31759
31763
31767
31771
31775
31783
31787
31791
31807
31811
31815
31825
31829
31841
31853
31869
31881
31905
31909
31917
31921
31925
31929
31949
31955
31961
31969
31973
31981
31985
31989
31993
31997
32005
32009
32021
32029
32037
32041
32045
32049
32065
32069
32073
32077
32119
32123
32129
32133
32137
32141
32145
32149
32203
32207
32211
32215
32219
32223
32227
32251
32279
32291
32295
32317
32325
32331
32339
32343
32347
32351
32355
32359
32363
32375
32381
32385
32393
32397
32401
32405
32421
32425
32429
32437
32469
32473
32477
32481
32485
32489
32493
32497
32501
32513
32517
32521
32525
32547
32551
32555
32559
32563
32575
32583
32587
32591
32603
32611
32615
32623
32631
32645
32657
32661
32665
32669
32673
32677
32681
32685
32693
32697
32701
32705
32709
32713
32717
32721
32725
32729
32733
32741
32745
32751
32755
32759
32763
32767
32771
32775
32779
32787
32791
32795
32803
32807
32811
32815
32819
32823
32827
32831
32835
32839
32849
32853
32885
32889
32893
32897
32901
32905
32913
32917
32931
32935
32939
32943
32947
32951
32955
32963
32971
32975
32991
32995
32999
33003
33007
33011
33017
33021
33025
33029
33033
33037
33047
33051
33055
33059
33063
33071
33075
33091
33095
33099
33103
33107
33113
33131
33135
33139
33143
33147
33151
33155
33159
33163
33167
33171
33175
33183
33187
33191
33195
33199
33203
33215
33221
33233
33237
33245
33249
33253
33257
33261
33273
33277
33281
33289
33293
33297
33301
33305
33309
33313
33317
33321
33325
33329
33333
33339
33343
33347
33351
33355
33363
33367
33371
33375
33379
33383
33387
33391
33395
33403
33419
33423
33427
33431
33435
33439
33443
33447
33451
33467
33475
33479
33483
33487
33497
33507
33515
33519
33523
33527
33531
33535
33539
33543
33547
33551
33555
33559
33563
33567
33571
33575
33579
33589
33593
33599
33603
33607
33611
33615
33619
33623
33627
33631
33637
33641
33645
33649
33653
33657
33661
33665
33669
33673
33677
33681
33685
33689
33693
33697
33701
33709
33717
33741
33745
33749
33753
33757
33761
33765
33769
33773
33777
33781
33789
33793
33797
33805
33813
33817
33821
33825
33829
33835
33851
33855
33863
33867
33875
33879
33887
33925
33933
33937
33941
33945
33949
33971
33975
33979
33983
33987
33991
33995
34003
34007
34011
34015
34019
34031
34043
34047
34051
34055
34059
34087
34091
34095
34099
34103
34111
34115
34119
34123
34139
34155
34167
34171
34191
34195
34199
34203
34207
34211
34215
34225
34233
34237
34241
34245
34249
34257
34269
34273
34285
34289
34293
34301
34309
34321
34325
34331
34339
34343
34349
34357
34361
34365
34375
34393
34397
34401
34405
34413
34417
34423
34431
34435
34455
34459
34483
34491
34495
34503
34515
34533
34543
34561
34565
34569
34577
34583
34587
34591
34603
34607
34611
34615
34621
34625
34629
34633
34637
34641
34681
34685
34703
34707
34711
34737
34741
34753
34757
34761
34765
34769
34773
34777
34785
34789
34797
34809
34813
34821
34837
34845
34855
34859
34869
34873
34877
34881
34889
34893
34897
34907
34911
34915
34919
34923
34927
34931
34941
34945
34949
34975
34987
34991
34995
35003
35007
35011
35015
35025
35033
35037
35041
35049
35053
35057
35061
35089
35093
35119
35123
35127
35131
35135
35153
35157
35173
35187
35193
35197
35201
35239
35247
35255
35259
35263
35271
35275
35285
35297
35301
35331
35335
35343
35347
35351
35355
35361
35367
35371
35387
35403
35407
35417
35439
35447
35469
35473
35483
35487
35491
35503
35507
35511
35515
35525
35537
35541
35545
35549
35555
35559
35563
35575
35579
35583
35593
35597
35601
35617
35621
35625
35637
35645
35649
35663
35667
35671
35683
35687
35691
35695
35703
35707
35711
35715
35721
35763
35771
35775
35779
35783
35787
35791
35803
35819
35835
35839
35843
35847
35855
35859
35863
35867
35875
35879
35883
35887
35891
35895
35899
35903
35911
35915
35919
35923
35931
35935
35939
35943
35947
35951
35955
35959
35963
35967
35979
35983
35993
35997
36009
36021
36033
36065
36069
36073
36089
36101
36105
36109
36117
36125
36133
36145
36149
36161
36165
36169
36177
36181
36185
36189
36193
36197
36217
36225
36241
36245
36259
36263
36267
36271
36275
36279
36291
36295
36303
36307
36311
36315
36319
36323
36331
36335
36339
36343
36347
36351
36363
36375
36385
36389
36397
36407
36411
36415
36425
36443
36467
36471
36475
36479
36487
36491
36495
36499
36503
36513
36517
36521
36525
36529
36541
36551
36555
36559
36563
36567
36579
36583
36591
36595
36599
36603
36615
36627
36635
36639
36643
36657
36669
36673
36677
36685
36711
36715
36719
36727
36735
36739
36745
36753
36757
36765
36769
36777
36781
36785
36789
36793
36797
36801
36819
36823
36827
36831
36835
36847
36851
36865
36873
36887
36919
36927
36957
36965
36969
36973
36977
36981
36985
36989
36993
36997
37001
37005
37009
37017
37021
37029
37037
37041
37045
37049
37105
37109
37121
37133
37137
37141
37155
37159
37163
37181
37215
37225
37233
37245
37257
37261
37265
37273
37277
37281
37285
37289
37293
37321
37329
37333
37359
37363
37367
37371
37379
37403
37417
37425
37429
37433
37453
37461
37465
37469
37483
37491
37495
37505
37509
37541
37545
37549
37573
37577
37585
37589
37593
37597
37601
37609
37631
37635
37639
37643
37647
37651
37655
37659
37663
37667
37677
37685
37697
37709
37713
37717
37721
37725
37729
37733
37737
37741
37745
37749
37753
37759
37767
37771
37783
37787
37791
37795
37799
37803
37807
37811
37815
37839
37843
37879
37883
37891
37895
37907
37915
37919
37923
37935
37945
37961
37965
37973
37977
37981
37999
38003
38017
38029
38033
38037
38041
38045
38049
38053
38057
38065
38069
38079
38083
38087
38091
38107
38111
38115
38119
38123
38129
38133
38137
38189
38195
38199
38211
38215
38221
38227
38235
38239
38265
38269
38283
38295
38299
38327
38335
38339
38343
38351
38355
38359
38367
38379
38395
38399
38403
38407
38411
38447
38451
38459
38463
38477
38487
38493
38497
38501
38505
38509
38517
38521
38527
38543
38559
38563
38567
38571
38575
38583
38601
38609
38613
38617
38621
38629
38633
38637
38641
38645
38665
38669
38679
38689
38695
38699
38715
38719
38737
38741
38745
38749
38753
38763
38783
38791
38799
38803
38807
38811
38815
38819
38835
38847
38851
38861
38865
38873
38877
38881
38885
38889
38893
38897
38931
38935
38939
38943
38959
38963
38967
38979
38989
38995
39007
39011
39021
39025
39029
39037
39041
39045
39049
39053
39057
39061
39065
39069
39073
39077
39081
39089
39093
39097
39105
39119
39123
39137
39141
39145
39163
39167
39171
39179
39183
39187
39191
39195
39199
39213
39229
39233
39237
39247
39261
39267
39273
39277
39295
39313
39317
39321
39325
39329
39337
39341
39345
39349
39353
39379
39387
39391
39403
39411
39415
39419
39435
39449
39453
39457
39461
39465
39477
39485
39489
39493
39497
39501
39505
39511
39515
39519
39523
39529
39537
39541
39545
39549
39569
39583
39591
39607
39611
39625
39629
39637
39641
39645
39659
39663
39679
39683
39687
39691
39695
39701
39705
39709
39713
39717
39721
39727
39731
39739
39745
39749
39753
39757
39761
39765
39769
39779
39783
39787
39811
39819
39879
39901
39909
39917
39927
39931
39943
39951
39971
39983
40007
40015
40019
40023
40031
40035
40039
40043
40047
40067
40071
40079
40083
40123
40127
40131
40143
40147
40153
40157
40167
40171
40183
40197
40213
40217
40221
40225
40241
40245
40249
40253
40257
40281
40297
40317
40325
40329
40335
40351
40365
40369
40373
40377
40381
40385
40389
40393
40397
40401
40405
40409
40413
40417
40421
40431
40435
40439
40443
40451
40461
40465
40469
40481
40485
40489
40493
40497
40501
40505
40515
40519
40531
40553
40561
40565
40575
40585
40589
40635
40679
40683
40687
40691
40695
40717
40731
40739
40743
40747
40751
40757
40763
40767
40775
40791
40809
40813
40821
40835
40839
40855
40859
40879
40883
40887
40903
40911
40915
40919
40923
40931
40943
40947
40953
40963
40967
40973
40983
40987
40991
40995
41027
41043
41057
41073
41077
41081
41085
41093
41097
41101
41105
41117
41123
41135
41145
41159
41167
41171
41181
41185
41191
41195
41207
41219
41223
41227
41261
41271
41313
41317
41321
41325
41329
41333
41337
41341
41345
41349
41353
41363
41367
41379
41385
41397
41405
41409
41427
41445
41449
41457
41461
41465
41469
41473
41477
41489
41497
41501
41505
41525
41531
41535
41539
41543
41547
41559
41563
41567
41571
41575
41579
41609
41619
41623
41627
41631
41635
41639
41643
41647
41651
41655
41659
41663
41667
41671
41711
41721
41729
41735
41743
41751
41769
41773
41777
41785
41793
41801
41805
41809
41813
41819
41829
41837
41841
41845
41849
41853
41865
41883
41887
41891
41895
41899
41903
41907
41911
41915
41919
41923
41927
41941
41945
41949
41953
41957
41961
41965
41969
41973
41977
41981
41993
41999
42003
42007
42031
42035
42039
42043
42055
42067
42071
42081
42117
42121
42125
42129
42139
42143
42147
42151
42157
42161
42171
42175
42183
42187
42197
42217
42229
42233
42253
42257
42261
42265
42269
42287
42291
42295
42299
42315
42319
42323
42327
42341
42345
42349
42353
42357
42361
42387
42391
42395
42399
42403
42415
42419
42423
42427
42431
42443
42447
42451
42477
42485
42489
42493
42497
42505
42509
42513
42517
42521
42537
42609
42619
42623
42627
42631
42635
42639
42643
42647
42651
42655
42679
42683
42687
42691
42695
42699
42703
42707
42753
42757
42765
42769
42781
42789
42807
42811
42819
42827
42831
42839
42851
42861
42867
42875
42879
42883
42887
42891
42895
42899
42903
42909
42925
42937
42941
42945
42977
42981
42989
42993
42997
43015
43019
43035
43039
43043
43047
43051
43055
43059
43063
43067
43071
43101
43109
43113
43117
43129
43139
43143
43147
43151
43155
43181
43185
43189
43193
43205
43219
43227
43231
43235
43243
43251
43255
43259
43263
43267
43271
43275
43279
43287
43291
43297
43301
43305
43309
43313
43319
43327
43331
43335
43345
43351
43355
43363
43389
43433
43441
43447
43451
43463
43467
43471
43475
43479
43483
43487
43491
43495
43511
43515
43519
43523
43535
43539
43547
43555
43565
43569
43573
43577
43585
43589
43597
43609
43613
43619
43625
43629
43633
43645
43649
43655
43683
43689
43701
43705
43709
43725
43773
43781
43785
43793
43799
43803
43807
43811
43829
43833
43837
43841
43875
43879
43883
43887
43891
43895
43903
43907
43911
43919
43923
43927
43935
43939
43943
43947
43951
43955
43959
43967
43971
43975
43979
43983
43991
43999
44015
44035
44039
44043
44047
44051
44059
44063
44079
44083
44087
44091
44095
44103
44111
44115
44119
44123
44145
44149
44155
44159
44163
44167
44179
44183
44187
44191
44197
44201
44205
44209
44217
44221
44225
44229
44233
44237
44245
44249
44253
44265
44277
44293
44297
44301
44305
44309
44313
44317
44321
44325
44329
44333
44337
44355
44363
44367
44377
44385
44399
44407
44415
44419
44423
44429
44433
44437
44441
44445
44449
44453
44457
44461
44475
44479
44501
44505
44509
44513
44517
44521
44525
44529
44551
44567
44575
44579
44611
44615
44619
44623
44627
44631
44635
44639
44649
44653
44657
44665
44669
44673
44677
44681
44697
44701
44719
44723
44727
44745
44857
44861
44919
44947
44951
44961
44973
44985
44993
44997
45001
45017
45023
45027
45031
45035
45039
45043
45047
45051
45055
45059
45073
45077
45081
45085
45089
45101
45105
45111
45119
45123
45131
45139
45145
45149
45157
45161
45165
45169
45185
45223
45227
45259
45263
45267
45275
45283
45287
45291
45303
45319
45323
45349
45365
45369
45373
45381
45421
45425
45429
45455
45459
45471
45477
45481
45489
45503
45511
45515
45519
45523
45531
45535
45543
45557
45561
45585
45589
45595
45603
45615
45635
45639
45643
45647
45661
45679
45683
45687
45691
45695
45701
45711
45715
45719
45723
45727
45737
45745
45749
45757
45761
45765
45769
45773
45783
45795
45799
45807
45811
45819
45831
45835
45839
45843
45847
45851
45859
45863
45881
45885
45889
45893
45897
45901
45905
45909
45913
45917
45921
45925
45929
45933
45937
45941
45945
45949
45953
45957
45961
45965
45969
45977
45981
45985
45989
45993
45997
46001
46011
46027
46031
46035
46039
46043
46051
46071
46075
46079
46087
46091
46095
46111
46125
46137
46141
46151
46155
46177
46187
46191
46195
46199
46211
46215
46223
46231
46235
46239
46243
46249
46253
46257
46261
46265
46269
46273
46277
46293
46297
46301
46305
46309
46339
46343
46347
46353
46371
46375
46379
46383
46393
46397
46403
46429
46439
46459
46463
46469
46473
46477
46481
46497
46501
46531
46543
46557
46561
46565
46569
46577
46581
46585
46589
46593
46597
46605
46609
46613
46617
46625
46645
46649
46653
46657
46667
46671
46675
46683
46699
46703
46711
46719
46727
46735
46743
46747
46751
46765
46773
46777
46781
46785
46797
46807
46811
46815
46827
46831
46839
46843
46847
46851
46855
46859
46869
46883
46891
46909
46921
46933
46953
46957
46961
47087
47091
47097
47111
47121
47129
47133
47137
47141
47145
47153
47157
47161
47165
47169
47173
47177
47181
47187
47195
47205
47209
47235
47243
47247
47251
47255
47263
47297
47301
47305
47313
47321
47325
47329
47333
47337
47341
47345
47349
47355
47359
47363
47395
47399
47403
47407
47411
47415
47419
47423
47437
47441
47449
47461
47469
47489
47493
47497
47505
47509
47513
47517
47521
47531
47535
47539
47543
47547
47551
47555
47559
47563
47567
47571
47575
47579
47583
47587
47595
47599
47613
47617
47621
47637
47655
47667
47671
47675
47681
47685
47689
47693
47697
47701
47709
47713
47721
47729
47737
47741
47745
47749
47753
47757
47761
47765
47769
47773
47777
47781
47785
47789
47793
47797
47801
47805
47809
47813
47817
47821
47825
47829
47833
47837
47847
47851
47859
47867
47871
47875
47889
47895
47905
47913
47917
47921
47925
47943
47947
47951
47955
47963
47979
47983
47987
47991
47995
48005
48009
48017
48025
48029
48033
48037
48041
48045
48051
48055
48059
48063
48075
48079
48145
48149
48153
48157
48161
48165
48169
48197
48201
48205
48209
48217
48221
48225
48229
48233
48237
48255
48259
48267
48271
48275
48279
48283
48289
48301
48305
48309
48313
48317
48335
48347
48365
48369
48373
48377
48381
48385
48401
48405
48409
48417
48425
48453
48457
48487
48517
48531
48535
48549
48553
48557
48561
48565
48569
48573
48577
48581
48585
48589
48593
48597
48601
48605
48609
48613
48617
48621
48625
48629
48637
48643
48647
48655
48663
48667
48671
48675
48679
48683
48687
48695
48703
48715
48725
48733
48737
48749
48753
48759
48763
48767
48777
48789
48793
48797
48801
48805
48809
48813
48817
48825
48829
48849
48855
48861
48865
48873
48885
48943
48951
48969
48973
48977
48981
48997
49001
49015
49027
49031
49053
49059
49063
49067
49075
49079
49083
49087
49107
49111
49119
49133
49137
49141
49169
49175
49199
49203
49211
49215
49219
49237
49249
49263
49289
49303
49307
49327
49333
49337
49345
49361
49373
49377
49381
49385
49389
49393
49397
49401
49405
49409
49413
49425
49429
49437
49449
49453
49457
49461
49473
49477
49483
49503
49507
49525
49537
49541
49545
49553
49557
49561
49565
49569
49573
49579
49583
49587
49591
49599
49625
49629
49637
49641
49645
49653
49665
49673
49679
49683
49691
49703
49707
49711
49715
49733
49737
49741
49749
49753
49775
49779
49783
49815
49823
49827
49831
49835
49839
49843
49847
49851
49867
49871
49875
49887
49893
49897
49917
49979
49983
49987
49993
49997
50001
50005
50019
50027
50039
50043
50055
50069
50073
50085
50089
50105
50109
50113
50123
50127
50143
50147
50155
50163
50175
50179
50185
50189
50197
50205
50215
50219
50223
50233
50249
50253
50259
50263
50271
50275
50279
50283
50287
50299
50309
50313
50317
50335
50361
50365
50371
50379
50383
50387
50415
50469
50475
50481
50493
50509
50519
50523
50537
50541
50551
50559
50597
50609
50617
50621
50625
50629
50645
50649
50653
50657
50663
50667
50671
50675
50679
50691
50729
50735
50739
50743
50747
50751
50755
50759
50763
50771
50775
50779
50805
50817
50825
50829
50837
50841
50845
50849
50867
50871
50875
50879
50883
50887
50913
50921
50925
50929
50933
50941
50949
50965
50969
50975
50979
50987
50999
51021
51043
51091
51101
51105
51131
51137
51149
51153
51161
51173
51177
51185
51189
51193
51197
51207
51211
51227
51231
51239
51243
51253
51257
51261
51269
51273
51281
51285
51289
51293
51297
51315
51323
51327
51331
51335
51349
51355
51365
51387
51391
51399
51403
51407
51423
51427
51451
51455
51459
51483
51487
51533
51537
51541
51545
51551
51591
51595
51599
51609
51629
51637
51643
51653
51667
51671
51675
51683
51705
51725
51729
51733
51737
51741
51745
51749
51759
51771
51777
51785
51789
51801
51805
51811
51815
51819
51823
51827
51835
51839
51873
51885
51889
51899
51911
51915
51919
51937
51941
51949
51961
51973
51985
51991
51995
51999
52003
52009
52013
52017
52037
52049
52057
52061
52067
52071
52085
52117
52125
52129
52133
52145
52155
52189
52193
52199
52207
52211
52223
52231
52247
52255
52259
52271
52275
52281
52293
52297
52305
52309
52313
52317
52321
52331
52339
52365
52369
52373
52377
52387
52391
52395
52407
52419
52423
52427
52431
52445
52449
52469
52473
52501
52507
52521
52525
52531
52539
52553
52559
52563
52567
52575
52579
52587
52597
52601
52613
52617
52626
52630
52634
52642
52646
52650
52666
52670
52674
52678
52686
52690
52708
52712
52762
52784
52788
52812
52816
52834
52872
52876
52884
52888
52892
52942
52946
52952
52960
52964
52968
52976
52980
52988
53012
53022
53026
53030
53034
53038
53050
53058
53062
53070
53102
53106
53110
53114
53138
53154
53210
53218
53226
53246
53250
53258
53262
53266
53270
53278
53282
53290
53302
53306
53314
53318
53334
53348
53358
53366
53374
53378
53382
53396
53400
53404
53408
53412
53416
53420
53456
53472
53476
53484
53494
53502
53506
53510
53514
53540
53548
53552
53556
53560
53592
53600
53604
53626
53644
53658
53662
53666
53670
53674
53680
53694
53698
53710
53714
53722
53726
53756
53806
53822
53834
53850
53862
53870
53874
53892
53906
53914
53918
53922
53926
53930
53944
53952
53956
53960
53964
53972
53976
53988
53992
53996
54002
54012
54016
54020
54024
54046
54052
54056
54072
54076
54080
54084
54096
54108
54112
54124
54128
54170
54178
54182
54206
54210
54214
54234
54242
54246
54250
54254
54258
54264
54272
54276
54302
54306
54314
54330
54334
54350
54366
54378
54382
54386
54390
54394
54412
54452
54460
54472
54476
54484
54490
54494
54498
54506
54514
54518
54558
54562
54566
54576
54586
54596
54600
54604
54608
54616
54620
54624
54628
54650
54654
54666
54676
54680
54684
54688
54696
54742
54754
54758
54762
54774
54778
54790
54798
54810
54822
54826
54838
54856
54864
54868
54890
54904
54924
54942
54960
54964
54980
54992
55026
55030
55034
55050
55054
55064
55072
55076
55080
55084
55088
55092
55096
55100
55104
55108
55114
55118
55128
55132
55146
55158
55170
55182
55192
55200
55208
55234
55240
55250
55254
55258
55270
55274
55296
55308
55322
55326
55334
55370
55390
55398
55402
55418
55422
55426
55438
55442
55454
55468
55520
55524
55530
55534
55544
55588
55592
55596
55600
55604
55608
55612
55636
55640
55644
55654
55662
55670
55676
55680
55684
55688
55692
55742
55746
55750
55754
55758
55762
55766
55770
55774
55786
55808
55812
55816
55824
55828
55832
55836
55842
55854
55862
55866
55870
55876
55880
55884
55902
55906
55910
55918
55922
55926
55930
55934
55956
55960
55964
55972
55980
55992
55996
56000
56012
56052
56114
56178
56192
56210
56218
56222
56226
56234
56242
56246
56254
56262
56266
56274
56286
56304
56308
56312
56324
56328
56332
56342
56346
56354
56372
56384
56388
56392
56396
56406
56432
56436
56444
56448
56452
56460
56464
56468
56472
56500
56504
56508
56546
56550
56554
56558
56562
56580
56594
56630
56634
56638
56642
56650
56654
56658
56662
56698
56706
56710
56714
56718
56722
56732
56736
56740
56744
56748
56752
56756
56762
56774
56778
56784
56816
56832
56836
56840
56844
56848
56856
56860
56878
56882
56890
56898
56906
56914
56922
56926
56940
56964
56968
56984
56988
56992
57000
57006
57016
57020
57070
57074
57078
57086
57090
57108
57112
57122
57126
57152
57162
57176
57180
57184
57188
57192
57196
57200
57208
57216
57222
57230
57234
57248
57290
57294
57300
57314
57324
57364
57392
57396
57404
57408
57422
57426
57434
57494
57498
57502
57520
57524
57528
57536
57540
57544
57554
57572
57576
57592
57596
57600
57650
57654
57668
57672
57694
57700
57708
57712
57720
57724
57728
57744
57752
57756
57760
57764
57768
57772
57798
57802
57806
57816
57826
57844
57880
57900
57904
57916
57928
57932
57936
57940
57952
57956
57960
57966
57970
57974
57978
57982
57986
57990
57994
57998
58002
58008
58012
58016
58020
58054
58062
58066
58076
58080
58094
58102
58106
58110
58126
58130
58134
58146
58154
58172
58190
58194
58200
58204
58208
58220
58228
58274
58290
58294
58298
58306
58310
58314
58328
58336
58340
58344
58356
58372
58376
58380
58402
58424
58444
58452
58456
58460
58464
58468
58472
58476
58480
58484
58488
58506
58510
58514
58518
58522
58542
58568
58580
58584
58588
58592
58596
58604
58626
58630
58634
58638
58646
58650
58654
58658
58666
58680
58704
58708
58712
58716
58720
58728
58762
58766
58770
58774
58778
58782
58786
58836
58840
58844
58872
58878
58892
58896
58908
58912
58916
58928
58932
58940
58944
58954
58958
58970
59002
59014
59034
59038
59042
59046
59064
59078
59088
59096
59100
59104
59108
59112
59116
59120
59124
59128
59132
59136
59172
59194
59200
59204
59218
59230
59242
59270
59274
59286
59292
59308
59322
59326
59338
59342
59346
59350
59368
59372
59376
59384
59388
59392
59396
59418
59422
59426
59430
59438
59442
59446
59450
59454
59458
59468
59472
59476
59480
59484
59490
59494
59508
59516
59542
59546
59550
59558
59562
59578
59582
59586
59590
59594
59598
59602
59630
59672
59676
59684
59688
59692
59770
59774
59782
59790
59794
59818
59826
59830
59834
59838
59842
59850
59854
59858
59862
59866
59870
59874
59878
59882
59890
59898
59902
59920
59924
59928
59932
59936
59944
59948
59952
59956
59960
60026
60032
60044
60052
60056
60074
60084
60088
60092
60104
60120
60124
60128
60156
60160
60164
60168
60172
60176
60180
60196
60212
60216
60220
60230
60234
60242
60246
60262
60270
60280
60284
60288
60296
60304
60332
60336
60340
60344
60348
60360
60366
60370
60380
60384
60388
60392
60404
60412
60420
60428
60444
60448
60452
60456
60460
60464
60468
60472
60476
60480
60490
60516
60526
60534
60542
60550
60564
60572
60582
60586
60594
60668
60672
60676
60680
60684
60688
60692
60696
60700
60704
60708
60712
60716
60720
60724
60734
60738
60742
60746
60754
60764
60768
60772
60784
60790
60794
60802
60816
60820
60842
60864
60872
60896
60906
60918
60926
60930
60948
60990
60994
61032
61040
61050
61054
61058
61090
61102
61110
61114
61120
61130
61134
61138
61142
61146
61150
61154
61158
61170
61174
61178
61206
61220
61228
61238
61242
61248
61252
61256
61260
61264
61268
61272
61276
61300
61304
61350
61396
61400
61404
61408
61418
61422
61472
61498
61520
61526
61538
61576
61580
61584
61588
61592
61596
61600
61604
61608
61612
61616
61624
61640
61654
61658
61662
61670
61680
61684
61688
61698
61702
61706
61710
61732
61768
61772
61776
61780
61784
61792
61800
61812
61824
61828
61832
61866
61870
61888
61924
61930
61936
61956
61990
62034
62042
62060
62064
62068
62072
62092
62096
62110
62116
62128
62144
62170
62188
62192
62196
62206
62210
62234
62268
62306
62340
62344
62356
62372
62376
62388
62398
62402
62406
62418
62426
62452
62460
62464
62468
62472
62476
62480
62484
62488
62492
62504
62508
62512
62516
62542
62550
62554
62562
62566
62572
62622
62630
62650
62654
62658
62666
62670
62674
62678
62682
62690
62698
62706
62710
62714
62718
62722
62726
62740
62744
62756
62760
62774
62778
62794
62806
62812
62820
62840
62848
62860
62864
62876
62884
62888
62892
62910
62924
62928
62958
62974
62990
62994
63002
63034
63040
63052
63066
63070
63074
63082
63086
63090
63094
63098
63102
63106
63110
63114
63118
63122
63126
63130
63134
63138
63142
63146
63150
63162
63166
63170
63174
63178
63182
63186
63194
63218
63222
63226
63230
63234
63238
63242
63246
63250
63294
63298
63302
63312
63316
63320
63324
63328
63332
63336
63340
63348
63352
63356
63360
63382
63386
63390
63408
63412
63416
63420
63432
63444
63450
63454
63458
63462
63466
63474
63478
63482
63488
63516
63546
63550
63554
63570
63578
63588
63592
63600
63612
63620
63658
63676
63682
63702
63724
63728
63736
63758
63762
63780
63794
63798
63804
63826
63844
63870
63874
63888
63892
63896
63900
63914
63918
63926
63930
64016
64020
64024
64032
64048
64056
64060
64078
64100
64106
64114
64120
64130
64164
64168
64186
64204
64220
64224
64244
64248
64256
64260
64264
64268
64272
64280
64290
64294
64308
64318
64322
64326
64330
64376
64380
64384
64388
64398
64422
64426
64430
64434
64438
64442
64446
64450
64464
64478
64482
64490
64502
64554
64568
64572
64582
64594
64598
64602
64606
64610
64614
64618
64628
64632
64646
64650
64654
64660
64684
64688
64706
64710
64714
64740
64750
64754
64758
64776
64780
64784
64820
64826
64846
64854
64866
64874
64882
64924
64938
64946
64958
64974
65006
65010
65020
65060
65064
65068
65072
65080
65092
65096
65100
65104
65108
65122
65138
65168
65172
65178
65186
65244
65248
65296
65300
65312
65322
65326
65332
65362
65380
65386
65390
65398
65438
65466
65470
65474
65482
65506
65518
65524
65546
65554
65558
65562
65566
65570
65574
65582
65586
65594
65636
65702
65716
65720
65730
65734
65738
65742
65750
65758
65810
65852
65866
65930
66026
66030
66036
66046
66064
66068
66072
66076
66080
66090
66094
66112
66120
66136
66140
66144
66148
66152
66156
66160
66164
66168
66172
66176
66180
66184
66228
66232
66236
66246
66266
66270
66294
66302
66306
66310
66314
66318
66322
66326
66342
66368
66382
66390
66406
66410
66418
66422
66426
66430
66434
66438
66442
66446
66450
66454
66458
66478
66482
66490
66494
66498
66502
66510
66514
66526
66570
66574
66578
66582
66586
66590
66602
66606
66610
66620
66624
66630
66638
66642
66646
66650
66654
66658
66666
66674
66698
66702
66706
66710
66730
66734
66738
66746
66770
66778
66786
66794
66818
66832
66848
66860
66864
66888
66892
66906
66914
66932
66936
66940
66944
66948
66952
66956
66960
66978
66982
67000
67004
67008
67012
67020
67024
67052
67080
67090
67094
67124
67140
67144
67148
67164
67198
67210
67220
67290
67302
67312
67316
67320
67328
67332
67340
67344
67360
67370
67390
67394
67402
67406
67410
67418
67432
67476
67490
67494
67498
67514
67524
67528
67544
67554
67558
67604
67642
67656
67660
67664
67678
67682
67710
67714
67722
67768
67808
67812
67820
67824
67828
67860
67878
67882
67894
67898
67902
67906
67910
67918
67922
67926
67942
67946
67950
67966
67970
67986
68002
68008
68012
68052
68056
68066
68084
68088
68102
68106
68110
68118
68134
68138
68146
68154
68184
68290
68294
68310
68314
68318
68336
68376
68394
68410
68442
68450
68454
68478
68498
68506
68516
68520
68524
68528
68532
68546
68564
68610
68628
68632
68636
68640
68644
68648
68670
68682
68686
68690
68694
68698
68702
68706
68710
68746
68752
68762
68766
68776
68786
68790
68802
68806
68810
68818
68822
68850
68884
68888
68896
68926
68942
68964
68970
68974
68986
69008
69012
69028
69040
69044
69068
69072
69094
69102
69110
69124
69132
69136
69140
69144
69152
69156
69160
69164
69182
69224
69258
69262
69268
69272
69276
69280
69284
69290
69318
69322
69344
69358
69368
69376
69380
69384
69388
69392
69404
69412
69416
69420
69426
69430
69434
69438
69442
69464
69490
69494
69514
69530
69538
69568
69596
69658
69700
69718
69722
69726
69730
69810
69816
69820
69824
69828
69850
69854
69864
69868
69906
69910
69938
69974
69978
69982
70008
70012
70016
70020
70052
70056
70068
70072
70098
70122
70134
70138
70142
70146
70150
70158
70162
70166
70174
70210
70214
70222
70236
70242
70246
70250
70254
70258
70282
70286
70290
70316
70332
70340
70348
70412
70422
70432
70458
70462
70474
70478
70482
70486
70494
70498
70502
70552
70556
70564
70568
70610
70638
70672
70706
70744
70754
70758
70762
70766
70794
70798
70812
70882
70900
70904
70908
70918
70926
70932
70952
70968
70988
70992
70996
71000
71006
71010
71030
71034
71056
71060
71064
71072
71088
71100
71110
71120
71124
71128
71136
71144
71152
71168
71172
71192
71230
71322
71326
71340
71344
71348
71356
71360
71364
71380
71384
71392
71396
71400
71420
71452
71480
71484
71496
71506
71532
71554
71558
71562
71570
71604
71650
71662
71680
71688
71712
71716
71746
71788
71804
71828
71832
71836
71840
71844
71848
71854
71866
71870
71876
71932
71936
71940
71944
71948
71968
71990
72006
72026
72030
72048
72062
72098
72102
72112
72116
72120
72148
72152
72176
72180
72184
72192
72208
72216
72262
72268
72272
72276
72284
72288
72342
72350
72358
72362
72370
72384
72392
72426
72470
72494
72514
72540
72544
72586
72608
72612
72624
72640
72668
72672
72680
72696
72700
72720
72724
72728
72762
72778
72786
72794
72798
72802
72806
72810
72822
72826
72830
72834
72848
72860
72872
72890
72904
72908
72922
72938
72942
72946
72950
72954
72958
72994
73008
73016
73020
73042
73062
73076
73080
73088
73096
73100
73116
73136
73140
73178
73204
73210
73230
73260
73268
73276
73298
73306
73310
73314
73338
73342
73346
73358
73362
73382
73390
73396
73418
73422
73428
73444
73456
73460
73464
73498
73502
73522
73526
73540
73570
73588
73600
73604
73618
73634
73638
73642
73646
73654
73658
73668
73672
73676
73680
73684
73688
73700
73714
73720
73740
73800
73804
73818
73826
73840
73852
73872
73884
73918
73922
73926
73966
73978
73988
74040
74072
74100
74108
74116
74158
74162
74198
74202
74206
74212
74260
74268
74272
74312
74316
74328
74340
74344
74348
74352
74356
74360
74364
74368
74372
74376
74380
74384
74388
74428
74446
74458
74462
74466
74470
74474
74486
74496
74500
74504
74512
74528
74534
74538
74546
74566
74588
74592
74600
74616
74636
74648
74652
74658
74676
74680
74720
74726
74730
74742
74758
74762
74770
74780
74832
74842
74916
74920
74924
74928
74940
74978
74982
74986
75022
75026
75030
75042
75046
75050
75062
75066
75070
75078
75082
75120
75166
75184
75218
75228
75250
75308
75316
75332
75336
75352
75356
75360
75364
75372
75386
75416
75446
75466
75488
75492
75516
75530
75542
75582
75586
75614
75654
75664
75674
75678
75682
75686
75690
75694
75698
75704
75708
75714
75720
75724
75728
75742
75760
75778
75782
75796
75814
75826
75836
75856
75888
75948
75976
76022
76078
76088
76092
76102
76146
76150
76190
76198
76202
76224
76228
76232
76256
76264
76294
76298
76306
76324
76328
76332
76344
76348
76352
76380
76384
76402
76418
76422
76426
76430
76460
76490
76494
76520
76554
76572
76576
76580
76588
76592
76596
76600
76604
76608
76612
76616
76622
76626
76664
76676
76680
76720
76724
76746
76754
76806
76810
76816
76820
76830
76886
76896
76914
76918
76922
76952
76960
77024
77028
77100
77104
77166
77180
77184
77188
77192
77196
77220
77224
77228
77244
77260
77282
77286
77330
77412
77418
77422
77426
77430
77434
77438
77442
77446
77450
77454
77458
77464
77468
77482
77560
77584
77610
77624
77628
77632
77642
77664
77690
77694
77698
77702
77706
77710
77714
77718
77722
77726
77734
77748
77752
77764
77814
77838
77842
77858
77862
77870
77874
77878
77882
77886
77890
77894
77918
77936
77940
77952
77956
77960
77968
77972
77988
78004
78008
78016
78042
78056
78102
78118
78126
78142
78154
78158
78162
78166
78178
78246
78250
78254
78258
78266
78294
78298
78302
78306
78310
78314
78324
78332
78340
78344
78348
78352
78356
78360
78364
78368
78402
78424
78472
78550
78572
78582
78590
78594
78598
78612
78652
78656
78660
78694
78708
78716
78762
78776
78782
78794
78802
78808
78812
78816
78824
78828
78832
78868
78872
78904
78908
78912
78916
78938
79040
79044
79048
79052
79056
79060
79066
79070
79074
79084
79088
79092
79110
79118
79126
79132
79136
79142
79170
79176
79188
79192
79218
79234
79238
79252
79256
79284
79288
79304
79308
79312
79324
79328
79332
79354
79362
79366
79384
79408
79416
79420
79504
79508
79518
79532
79540
79554
79558
79562
79586
79590
79594
79598
79602
79608
79612
79616
79660
79668
79736
79740
79744
79748
79766
79782
79786
79790
79794
79848
79868
79874
79890
79908
79928
79940
79968
79986
79990
79994
79998
80002
80006
80010
80014
80048
80058
80066
80074
80078
80106
80134
80174
80192
80202
80218
80270
80288
80298
80302
80318
80322
80332
80336
80362
80366
80414
80470
80474
80478
80514
80518
80530
80548
80568
80572
80576
80584
80588
80630
80634
80638
80642
80646
80650
80654
80658
80680
80706
80718
80742
80766
80770
80774
80778
80782
80786
80790
80794
80798
80802
80820
80828
80840
80844
80848
80852
80866
80900
80908
80916
80924
80930
80962
81012
81016
81020
81024
81040
81056
81060
81084
81112
81164
81200
81236
81288
81296
81328
81358
81374
81378
81392
81396
81418
81426
81430
81438
81452
81456
81468
81482
81490
81498
81506
81510
81522
81526
81530
81534
81538
81542
81560
81574
81578
81582
81590
81608
81614
81634
81646
81670
81674
81682
81686
81690
81702
81706
81728
81736
81740
81744
81758
81762
81814
81832
81836
81840
81844
81848
81872
81904
81908
81912
81916
81920
81926
81934
81938
81942
81946
81972
82018
82022
82026
82044
82068
82072
82078
82084
82104
82114
82126
82138
82162
82168
82192
82200
82206
82218
82222
82230
82238
82242
82246
82250
82268
82272
82290
82312
82316
82350
82380
82398
82424
82428
82466
82470
82474
82514
82544
82576
82580
82584
82590
82634
82638
82672
82694
82698
82702
82712
82716
82748
82756
82760
82764
82782
82786
82798
82802
82806
82814
82818
82832
82836
82840
82844
82854
82858
82862
82908
82934
82946
83006
83010
83014
83018
83022
83048
83052
83228
83232
83264
83278
83292
83322
83352
83376
83408
83412
83420
83448
83454
83458
83462
83466
83512
83560
83574
83592
83606
83626
83662
83680
83692
83734
83738
83744
83760
83770
83774
83778
83850
83854
83890
83908
83980
83984
83992
84012
84016
84046
84050
84054
84058
84062
84066
84070
84074
84078
84082
84086
84090
84118
84144
84178
84182
84218
84224
84232
84236
84260
84274
84278
84282
84288
84300
84316
84320
84324
84346
84350
84364
84384
84396
84404
84408
84492
84506
84514
84538
84542
84562
84578
84582
84586
84590
84604
84612
84646
84706
84732
84736
84744
84750
84770
84788
84816
84820
84824
84828
84860
84868
84872
84914
84930
84934
84954
84958
84974
84978
85010
85014
85040
85058
85062
85066
85070
85074
85078
85082
85086
85090
85094
85102
85106
85110
85114
85118
85166
85170
85174
85196
85210
85214
85220
85286
85298
85302
85326
85332
85340
85358
85364
85368
85372
85376
85408
85436
85440
85444
85454
85486
85506
85510
85514
85520
85576
85584
85608
85612
85634
85644
85654
85700
85722
85726
85786
85790
85794
85808
85812
85832
85848
85880
85906
85910
85914
85926
85930
86120
86124
86144
86156
86194
86222
86226
86242
86246
86250
86254
86258
86262
86288
86304
86334
86350
86354
86362
86380
86386
86414
86434
86442
86476
86496
86500
86544
86548
86588
86612
86628
86654
86684
86710
86714
86726
86730
86734
86738
86746
86760
86786
86834
86838
86842
86850
86862
86878
86882
86886
86926
86944
87022
87032
87052
87056
87068
87110
87114
87178
87228
87252
87274
87278
87282
87286
87304
87336
87356
87368
87372
87376
87380
87384
87388
87392
87402
87406
87426
87472
87524
87528
87532
87540
87568
87576
87580
87632
87642
87646
87650
87654
87674
87682
87694
87698
87702
87714
87728
87744
87748
87752
87756
87768
87790
87794
87868
87872
87876
87880
87888
87892
87896
87900
87926
87966
87970
87982
88050
88054
88058
88062
88066
88086
88094
88102
88122
88138
88158
88162
88170
88176
88180
88188
88196
88200
88204
88216
88222
88234
88238
88250
88254
88258
88262
88266
88270
88274
88278
88288
88298
88302
88306
88366
88382
88392
88418
88422
88426
88430
88454
88460
88482
88506
88522
88546
88550
88554
88558
88570
88574
88578
88582
88586
88590
88596
88600
88604
88608
88612
88616
88620
88624
88628
88632
88636
88640
88644
88648
88684
88696
88700
88704
88708
88732
88736
88772
88824
88858
88862
88910
88940
88960
88968
88976
88986
88998
89006
89010
89014
89030
89036
89040
89044
89052
89070
89074
89078
89082
89086
89090
89094
89098
89102
89106
89110
89114
89144
89148
89164
89184
89204
89260
89282
89286
89290
89294
89298
89306
89334
89338
89350
89362
89374
89378
89386
89390
89394
89398
89402
89406
89410
89438
89442
89454
89458
89478
89482
89490
89494
89498
89502
89518
89522
89562
89566
89570
89578
89582
89586
89590
89594
89634
89638
89646
89650
89654
89658
89682
89686
89694
89742
89750
89780
89802
89810
89814
89818
89834
89842
89864
89876
89880
89884
89910
89916
89940
89948
89952
89962
90006
90016
90026
90032
90036
90044
90052
90056
90070
90082
90086
90102
90106
90110
90114
90118
90122
90126
90130
90134
90168
90202
90206
90210
90214
90218
90222
90226
90230
90268
90288
90292
90296
90300
90304
90314
90322
90366
90374
90378
90382
90386
90398
90402
90410
90414
90418
90422
90438
90442
90454
90458
90500
90508
90512
90526
90530
90536
90540
90544
90556
90560
90570
90578
90586
90590
90602
90606
90628
90640
90660
90664
90668
90672
90686
90700
90704
90708
90716
90730
90740
90744
90770
90782
90786
90790
90804
90808
90812
90818
90822
90826
90830
90834
90840
90844
90858
90862
90870
90884
90942
90968
90972
90976
90980
90986
91002
91018
91022
91026
91062
91084
91108
91112
91116
91134
91156
91180
91198
91202
91206
91210
91214
91218
91222
91230
91250
91296
91300
91304
91308
91312
91316
91320
91324
91328
91336
91344
91348
91352
91356
91360
91364
91368
91386
91390
91394
91398
91414
91418
91422
91426
91430
91434
91444
91448
91452
91456
91460
91472
91480
91484
91488
91492
91496
91500
91504
91508
91518
91528
91532
91536
91540
91544
91548
91556
91560
91564
91568
91572
91576
91580
91584
91588
91592
91596
91604
91608
91612
91616
91620
91624
91628
91632